#################################### 
# Matrix Size= (100,100,400)
# Resol      = (1,1,400)
# VoxelSize  = (100,100,1)
# nbVal      = 400
#################################### 
64.19683769
68.34159317
70.16685959
57.46690448
74.00743712
60.90412152
69.05003599
63.71972495
65.34154551
61.34391975
70.68401691
65.78959394
67.32131263
71.92146003
67.17990578
58.41385145
71.60994241
65.89707229
68.74140197
70.03161003
71.72707485
72.42749712
65.77888286
71.25657425
71.46276001
69.07848921
76.60562476
77.44207833
62.61790235
82.73719795
74.41928984
67.58247284
70.71913791
76.27349231
68.04164404
75.01654362
75.52760346
74.96320455
65.41637694
85.850076
78.54166757
71.81675219
76.06685114
81.58893176
73.34339935
76.6990032
81.3084963
75.7865501
76.28732364
80.81490975
81.35285393
88.15240741
93.26081244
86.36951791
107.0149752
77.61334344
74.22737404
80.1748122
77.55288472
97.47151139
83.65247252
84.08349687
91.1497639
75.49974862
92.79243758
87.38331152
93.80065544
85.06846186
90.87079229
87.71530088
91.21667556
83.50005729
91.80465148
90.79599875
103.9368711
89.8388629
92.62299679
106.239746
96.84929016
95.94612315
93.68354001
94.80648663
100.2391321
100.9812887
97.13541285
104.9970551
103.7310998
110.395006
93.39389003
105.2825009
100.1771968
102.2565732
98.89836016
108.6550987
109.2364859
143.8815254
111.7140137
119.377119
117.9073421
103.6075873
114.8589894
112.0556934
111.9205342
143.1939546
125.4272051
126.7274592
120.048257
117.4448761
126.8596246
119.4390161
135.7410778
113.3772386
128.8782242
162.6669849
145.9191325
155.4636182
148.7052937
144.8595859
155.7603669
161.6834626
162.3724243
192.2765719
179.6615329
187.6042969
209.2155281
210.0198762
203.4602879
230.0338509
250.3415146
266.4493073
354.3021923
365.6042908
338.9887833
223.290136
135.8595266
83.66478276
35.55251931
13.24860249
0
0.110090749
0.4314652546
0.07333664873
0
0
0.01712362748
0
0
0
0
0
0
0
0
0
0
0
0
0
0
0
0
0
0
0
0
0
0
0
0
0
0
0
0
0
0
0
0
0
0
0
0
0
0
0
1.659e-05
0.5495074655
0
0.758356607
0.3148304561
0.3096477691
0.3560631594
0
0.3027249626
0.1728276926
0.1925860402
0.1679714348
0.1872094114
0.457056957
0.1722055959
0.5809574127
0.2965998605
0.1774773894
0.2975064008
0.3049465276
0.2385380826
0.9129767735
0
0
0
0
0
0
0
0
0
0
0
0
0
0
0
0
0
0
0
0
0
0
0
0
0
0
0
0
0
0
0
0
0
0
0
0
0
0
0
0
0
0
0
0
0
0
0
0
0
0
0
0
0
0
0
0
0
0
0
0
0
0
0
0
0
0
0
0
0
0
0
0
0
0
0
0
0
0
0
0
0
0
0
0
0
0
0
0
0
0
0
0
0
0
0
0
0
0
0
0
0
0
0
0
0
0
0
0
0
0
0
0
0
0
0
0
0
0
0
0
0
0
0
0
0
0
0
0
0
0
0
0
0
0
0
0
0
0
0
0
0
0
0
0
0
0
0
0
0
0
0
0
0
0
0
0
0
0
0
0
0
0
0
0
0
0
0
0
0
0
0
0
0
0
0
0
0
0
0
0
0
0
0
0
0
0
0
0
0
0
0
0
0
0
