#################################### 
# Matrix Size= (100,100,400)
# Resol      = (1,1,400)
# VoxelSize  = (100,100,1)
# nbVal      = 400
#################################### 
8.607084844e-10
9.16278608e-10
9.407505657e-10
7.704780178e-10
9.922424738e-10
8.165619369e-10
9.25776938e-10
8.543116742e-10
8.760559651e-10
8.224584589e-10
9.476842669e-10
8.820631004e-10
9.025993654e-10
9.642750809e-10
9.007034764e-10
7.831740528e-10
9.6009846e-10
8.835040985e-10
9.216389784e-10
9.389372296e-10
9.616688937e-10
9.710596895e-10
8.819194933e-10
9.553607348e-10
9.581251362e-10
9.261584199e-10
1.027077245e-09
1.038291858e-09
8.395391699e-10
1.109285298e-09
9.97764321e-10
9.061008277e-10
9.481551459e-10
1.022624234e-09
9.122570896e-10
1.005771902e-09
1.012623853e-09
1.005056767e-09
8.770592552e-10
1.151020696e-09
1.053034419e-09
9.628712279e-10
1.019853727e-09
1.093890109e-09
9.833394972e-10
1.028329201e-09
1.090130217e-09
1.016095637e-09
1.022809675e-09
1.083512537e-09
1.090724935e-09
1.181888824e-09
1.250378919e-09
1.157985028e-09
1.434785582e-09
1.040588066e-09
9.951912416e-10
1.074930535e-09
1.039777476e-09
1.306833169e-09
1.121556691e-09
1.127335578e-09
1.222075385e-09
1.012250393e-09
1.244099261e-09
1.171577298e-09
1.257616775e-09
1.140541334e-09
1.218335119e-09
1.17602839e-09
1.222972492e-09
1.119513209e-09
1.230855682e-09
1.217332337e-09
1.39351641e-09
1.204499697e-09
1.241827511e-09
1.424391824e-09
1.298490841e-09
1.286381778e-09
1.256046569e-09
1.27110229e-09
1.343939586e-09
1.353889928e-09
1.302326983e-09
1.407730652e-09
1.390757565e-09
1.480102785e-09
1.252163135e-09
1.411557719e-09
1.343109198e-09
1.370988095e-09
1.325963408e-09
1.456775266e-09
1.464570119e-09
1.929067756e-09
1.497787163e-09
1.60052898e-09
1.580823189e-09
1.389101592e-09
1.539952904e-09
1.502368178e-09
1.500556052e-09
1.919849265e-09
1.681644509e-09
1.699077451e-09
1.609527152e-09
1.574622754e-09
1.700849437e-09
1.601358855e-09
1.819926052e-09
1.520086576e-09
1.727913477e-09
2.180930697e-09
1.956386637e-09
2.08435275e-09
1.993741632e-09
1.942180941e-09
2.08833136e-09
2.167744286e-09
2.176981426e-09
2.577916338e-09
2.40878229e-09
2.515273584e-09
2.805022592e-09
2.815806757e-09
2.727860162e-09
3.084140813e-09
3.356412455e-09
3.572375021e-09
4.750248048e-09
4.901779064e-09
4.54493605e-09
2.993725571e-09
1.821514135e-09
1.121721738e-09
4.766645229e-10
1.776284468e-10
0
1.47602351e-12
5.784799044e-12
9.832489893e-13
0
0
2.295822035e-13
0
0
0
0
0
0
0
0
0
0
0
0
0
0
0
0
0
0
0
0
0
0
0
0
0
0
0
0
0
0
0
0
0
0
0
0
0
0
0
2.224276813e-16
7.367430465e-12
0
1.016754079e-11
4.221037273e-12
4.151551254e-12
4.773857923e-12
0
4.058734871e-12
2.317158706e-12
2.582065484e-12
2.252049233e-12
2.509979222e-12
6.127915563e-12
2.308818048e-12
7.789090431e-12
3.976613577e-12
2.379498746e-12
3.988767867e-12
4.088520136e-12
3.198159892e-12
1.22405851e-11
0
0
0
0
0
0
0
0
0
0
0
0
0
0
0
0
0
0
0
0
0
0
0
0
0
0
0
0
0
0
0
0
0
0
0
0
0
0
0
0
0
0
0
0
0
0
0
0
0
0
0
0
0
0
0
0
0
0
0
0
0
0
0
0
0
0
0
0
0
0
0
0
0
0
0
0
0
0
0
0
0
0
0
0
0
0
0
0
0
0
0
0
0
0
0
0
0
0
0
0
0
0
0
0
0
0
0
0
0
0
0
0
0
0
0
0
0
0
0
0
0
0
0
0
0
0
0
0
0
0
0
0
0
0
0
0
0
0
0
0
0
0
0
0
0
0
0
0
0
0
0
0
0
0
0
0
0
0
0
0
0
0
0
0
0
0
0
0
0
0
0
0
0
0
0
0
0
0
0
0
0
0
0
0
0
0
0
0
0
0
0
0
0
0
